# Minimo diario (low) del CEDEAR/accion en BYMA (BCBA), fuente: Cocos MCP get_price_history, 2026-09-04..2026-09-29.
# Solo los 19 tickers de las posiciones sin log o con cobertura baja. Orden de fechas:
# 09-04 09-07 09-08 09-09 09-10 09-11 09-14 09-15 09-16 09-17 09-18 09-21 09-22 09-23 09-24 09-25 09-28 09-29
AMD 73000 74675 77350 80250 80200 80325 77200 79550 80850 84100 86475 93000 97100 97325 97000 101450 96900 94000
ADI 38000 36980 38100 38440 38000 38980 38400 38160 38280 37920 39100 39460 40800 40480 40340 41740 42140 42700
XOM 25220 24960 25180 25780 26000 26200 26160 26380 26000 25740 25840 25160 25000 25360 25980 25840 26100 25780
GGAL 6950 6870 6900 6880 7005 6910 6810 6700 6660 6755 6655 6610 6460 6430 6315 6270 5950 5920
QCOM 24090 24140 24900 25200 24800 25780 25200 26820 26620 27280 25580 26020 27860 28160 27980 28700 27520 26740
JNJ 29020 28500 28300 28340 28040 28240 28320 27700 28320 28380 28400 28540 28200 28480 28860 29040 29280 28560
ARM 14510 14400 15000 15480 14840 15040 14130 14200 14200 15150 15510 16800 18860 19200 18120 18320 16790 17260
LAR 10550 10610 10500 10690 10090 9385 9065 8920 8650 9115 8890 9275 9395 9225 8945 8935 8590 8700
COIN 10760 10500 10500 10300 10070 10260 10630 9915 9555 9820 10470 11840 11640 11600 11500 11550 11490 11240
HPQ 50375 51125 49100 50050 50750 52800 53750 52950 52275 52100 54050 52150 50900 50600 50325 49960 50000 49640
GPRK 18130 18050 18390 18800 18620 18140 18140 17740 17880 17710 17640 17200 17140 17360 17800 17800 17220 16890
INTC 29360 29940 31900 32800 31660 32400 30260 30760 31780 33460 34020 36480 38480 38240 38640 39820 37200 36920
KEEL 26400 26720 27200 28980 27600 27840 26500 25900 26480 27740 29100 32120 32060 32000 30740 30380 29100 28740
MRVL 24050 25100 25240 25900 25800 26160 24500 25100 25660 27220 26920 28060 29120 29300 28960 29760 28840 29760
MU 307000 316550 318000 316300 310450 309150 288975 293300 293300 304925 313075 329525 331625 341950 335350 348600 335700 342600
PLTR 91825 89500 90175 89500 87625 88175 88825 90050 89850 91775 91500 94150 97000 97875 100975 101800 100575 99825
RGTI 11930 11910 12240 12140 11940 12080 11740 11980 11540 12220 12080 12880 12860 12850 12630 13270 12880 12710
V 32880 32000 32380 32280 32380 32640 32940 33000 32680 32680 32500 32500 32000 32100 32260 32400 33000 32600
ADBE 9490 9315 9160 9200 8945 8780 9385 9320 9055 8900 8970 8860 8645 8630 8650 8635 8300 8420
